2.2222 2.2222 2.2222 2.2222 2.2222 2.2222 2.2222 2.2222 2.2222 2.2222 2.2222 2.2222 2.2222 2.2222 2.2222 2.2222 2.2222 2.2222 2.2222 2.2222 2.2222 2.2222 2.2222 2.2222 2.2222 2.2222 2.2222 2.2222 2.2222 2.2222 2.2222 2.2222 2.2222 2.2222 2.2222 2.2222 2.2222 2.2222 
2.2222 2.2222 2.2222 2.2222 2.2222 2.2222 2.2222 2.2222 2.2222 2.2222 2.2222 2.2222 2.2222 2.2222 2.2222 2.2222 2.2222 2.2222 2.2222 2.2222 2.2222 2.2222 2.2222 2.2222 2.2222 2.2222 2.2222 2.2222 2.2222 2.2222 2.2222 2.2222 2.2222 2.2222 2.2222 2.2222 2.2222 2.2222 
2.2222 2.2222 2.2222 2.2222 2.2222 2.2222 2.2222 2.2222 2.2222 2.2222 2.2222 2.2222 2.2222 2.2222 2.2222 2.2222 2.2222 0.0000 2.2222 2.2222 2.2222 2.2222 2.2222 2.2222 2.2222 2.2222 2.2222 2.2222 2.2222 2.2222 2.2222 2.2222 2.2222 0.5000 2.2222 0.5000 2.2222 2.2222 
2.2222 2.2222 2.2222 2.2222 2.2222 2.2222 2.2222 2.2222 2.2222 2.2222 2.2222 2.2222 2.2222 2.2222 2.2222 2.2222 2.2222 2.2222 2.2222 2.2222 2.2222 2.2222 2.2222 2.2222 2.2222 2.2222 2.2222 2.2222 2.2222 2.2222 2.2222 2.2222 2.2222 2.2222 2.2222 2.2222 2.2222 2.2222 
2.2222 2.2222 2.2222 1.0000 2.2222 1.0000 2.2222 1.0000 2.2222 1.0000 2.2222 1.0000 2.2222 0.7500 2.2222 0.5000 2.2222 0.5000 2.2222 0.5000 2.2222 0.5000 2.2222 0.5000 2.2222 2.2222 2.2222 2.2222 2.2222 2.2222 2.2222 0.5000 2.2222 2.2222 2.2222 2.2222 2.2222 2.2222 
2.2222 2.2222 2.2222 2.2222 2.2222 2.2222 2.2222 2.2222 2.2222 2.2222 2.2222 2.2222 2.2222 2.2222 2.2222 2.2222 2.2222 2.2222 2.2222 2.2222 2.2222 2.2222 2.2222 2.2222 2.2222 2.2222 2.2222 2.2222 2.2222 2.2222 2.2222 2.2222 2.2222 2.2222 2.2222 2.2222 2.2222 2.2222 
2.2222 2.2222 2.2222 1.0000 2.2222 2.2222 2.2222 2.2222 2.2222 2.2222 2.2222 2.2222 2.2222 2.2222 2.2222 2.2222 2.2222 1.0000 2.2222 2.2222 2.2222 2.2222 2.2222 0.5000 2.2222 2.2222 2.2222 2.2222 2.2222 2.2222 2.2222 0.5000 2.2222 2.2222 2.2222 2.2222 2.2222 2.2222 
2.2222 2.2222 2.2222 2.2222 2.2222 2.2222 2.2222 2.2222 2.2222 2.2222 2.2222 2.2222 2.2222 2.2222 2.2222 2.2222 2.2222 2.2222 2.2222 2.2222 2.2222 2.2222 2.2222 2.2222 2.2222 2.2222 2.2222 2.2222 2.2222 2.2222 2.2222 2.2222 2.2222 2.2222 2.2222 2.2222 2.2222 2.2222 
2.2222 1.0000 2.2222 1.0000 2.2222 1.0000 2.2222 2.2222 2.2222 2.2222 2.2222 2.2222 2.2222 2.2222 2.2222 2.2222 2.2222 1.0000 2.2222 2.2222 2.2222 1.0000 2.2222 0.5000 2.2222 0.5000 2.2222 0.5000 2.2222 0.5000 2.2222 0.5000 2.2222 0.5000 2.2222 2.2222 2.2222 2.2222 
2.2222 2.2222 2.2222 2.2222 2.2222 2.2222 2.2222 2.2222 2.2222 2.2222 2.2222 2.2222 2.2222 2.2222 2.2222 2.2222 2.2222 2.2222 2.2222 2.2222 2.2222 2.2222 2.2222 2.2222 2.2222 2.2222 2.2222 2.2222 2.2222 2.2222 2.2222 2.2222 2.2222 2.2222 2.2222 2.2222 2.2222 2.2222 
2.2222 1.0000 2.2222 2.2222 2.2222 1.0000 2.2222 2.2222 2.2222 2.2222 2.2222 2.2222 2.2222 2.2222 2.2222 2.2222 2.2222 1.0000 2.2222 2.2222 2.2222 2.2222 2.2222 0.5000 2.2222 2.2222 2.2222 0.5000 2.2222 2.2222 2.2222 2.2222 2.2222 2.2222 2.2222 2.2222 2.2222 2.2222 
2.2222 2.2222 2.2222 2.2222 2.2222 2.2222 2.2222 2.2222 2.2222 2.2222 2.2222 2.2222 2.2222 2.2222 2.2222 2.2222 2.2222 2.2222 2.2222 2.2222 2.2222 2.2222 2.2222 2.2222 2.2222 2.2222 2.2222 2.2222 2.2222 2.2222 2.2222 2.2222 2.2222 2.2222 2.2222 2.2222 2.2222 2.2222 
2.2222 1.0000 2.2222 2.2222 2.2222 1.0000 2.2222 2.2222 2.2222 0.0000 2.2222 0.0000 2.2222 0.4999 2.2222 0.9999 2.2222 1.0000 2.2222 0.9995 2.2222 2.2222 2.2222 0.5000 2.2222 2.2222 2.2222 0.5000 2.2222 2.2222 2.2222 2.2222 2.2222 2.2222 2.2222 2.2222 2.2222 2.2222 
2.2222 2.2222 2.2222 2.2222 2.2222 2.2222 2.2222 2.2222 2.2222 2.2222 2.2222 2.2222 2.2222 2.2222 2.2222 2.2222 2.2222 2.2222 2.2222 2.2222 2.2222 2.2222 2.2222 2.2222 2.2222 2.2222 2.2222 2.2222 2.2222 2.2222 2.2222 2.2222 2.2222 2.2222 2.2222 2.2222 2.2222 2.2222 
2.2222 2.2222 2.2222 0.0000 2.2222 2.2222 2.2222 2.2222 2.2222 0.0000 2.2222 2.2222 2.2222 2.2222 2.2222 2.2222 2.2222 0.0000 2.2222 2.2222 2.2222 0.5000 2.2222 0.5000 2.2222 0.5000 2.2222 0.5000 2.2222 2.2222 2.2222 2.2222 2.2222 2.2222 2.2222 2.2222 2.2222 2.2222 
2.2222 2.2222 2.2222 2.2222 2.2222 2.2222 2.2222 2.2222 2.2222 2.2222 2.2222 2.2222 2.2222 2.2222 2.2222 2.2222 2.2222 2.2222 2.2222 2.2222 2.2222 2.2222 2.2222 2.2222 2.2222 2.2222 2.2222 2.2222 2.2222 2.2222 2.2222 2.2222 2.2222 2.2222 2.2222 2.2222 2.2222 2.2222 
2.2222 2.2222 2.2222 0.0000 2.2222 0.0000 2.2222 0.0000 2.2222 0.0000 2.2222 2.2222 2.2222 2.2222 2.2222 2.2222 2.2222 2.2222 2.2222 2.2222 2.2222 2.2222 2.2222 0.0000 2.2222 2.2222 2.2222 2.2222 2.2222 2.2222 2.2222 2.2222 2.2222 2.2222 2.2222 2.2222 2.2222 2.2222 
2.2222 2.2222 2.2222 2.2222 2.2222 2.2222 2.2222 2.2222 2.2222 2.2222 2.2222 2.2222 2.2222 2.2222 2.2222 2.2222 2.2222 2.2222 2.2222 2.2222 2.2222 2.2222 2.2222 2.2222 2.2222 2.2222 2.2222 2.2222 2.2222 2.2222 2.2222 2.2222 2.2222 2.2222 2.2222 2.2222 2.2222 2.2222 
2.2222 2.2222 2.2222 2.2222 2.2222 2.2222 2.2222 2.2222 2.2222 2.2222 2.2222 2.2222 2.2222 2.2222 2.2222 2.2222 2.2222 2.2222 2.2222 2.2222 2.2222 2.2222 2.2222 2.2222 2.2222 2.2222 2.2222 2.2222 2.2222 2.2222 2.2222 2.2222 2.2222 2.2222 2.2222 2.2222 2.2222 2.2222 
